Looking at: Ms_??[eAIeEQRC\??
all minimal dominating sets: 
4 9 10 13 
4 8 10 11 13 
4 7 9 13 
4 7 8 11 13 
4 6 13 
4 5 10 11 
4 5 8 9 10 
4 5 7 11 13 
4 5 7 11 12 
4 5 6 11 12 
4 5 6 8 10 
3 9 10 13 
3 9 10 11 12 
3 8 10 12 
3 8 9 10 
3 7 9 13 
3 7 9 11 12 
3 7 9 10 11 
3 7 8 12 
3 6 12 13 
3 6 11 12 
3 6 9 13 
3 6 8 12 
3 5 11 12 
3 5 10 12 13 
3 5 9 11 13 
3 5 9 10 11 
3 5 8 12 
3 5 8 9 13 
3 5 7 12 13 
3 5 7 11 13 
3 5 7 10 11 
3 5 7 8 13 
3 5 7 8 10 
3 4 9 11 13 
3 4 9 11 12 
3 4 8 13 
3 4 8 12 
3 4 8 10 
3 4 6 7 10 11 
3 4 5 11 13 
3 4 5 10 13 
3 4 5 7 13 
2 10 12 
2 9 10 13 
2 8 9 10 
2 7 12 13 
2 7 11 12 
2 7 9 13 
2 7 9 10 
2 6 12 13 
2 6 11 12 
2 6 9 13 
2 5 9 10 
2 5 7 11 13 
2 5 7 10 11 
2 5 7 8 13 
2 5 7 8 10 
2 4 10 13 
2 4 8 10 
2 4 7 13 
2 4 7 10 
2 4 5 10 
2 3 7 12 
2 3 6 12 
2 3 4 11 13 
2 3 4 11 12 
1 9 10 13 
1 9 10 11 12 
1 8 10 11 12 
1 8 9 10 
1 7 9 13 
1 7 9 11 
1 7 8 11 
1 6 12 13 
1 6 11 12 
1 6 9 13 
1 6 8 10 12 
1 6 8 9 11 
1 6 7 11 
1 6 7 8 13 
1 6 7 8 10 
1 5 11 12 
1 5 9 11 
1 5 8 9 13 
1 5 7 11 
1 4 9 11 13 
1 4 9 11 12 
1 4 8 11 
1 4 8 9 13 
1 4 6 8 10 
1 4 5 11 
1 3 7 8 
1 3 6 8 9 
1 3 5 8 9 
1 3 4 8 
1 2 7 11 
1 2 7 8 13 
1 2 7 8 10 
1 2 5 8 12 13 
1 2 4 11 13 
1 2 4 11 12 
1 2 4 8 13 
1 2 3 7 9 
1 2 3 5 6 9 
1 2 3 4 7 
1 2 3 4 5 6 
0 9 10 13 
0 8 10 11 12 13 
0 7 9 13 
0 7 8 11 12 13 
0 6 12 13 
0 6 9 13 
0 5 10 11 
0 5 9 10 
0 5 7 11 
0 5 7 9 
0 5 6 12 
0 5 6 11 
0 5 6 9 
0 5 6 8 
0 4 5 6 
0 3 9 10 12 
0 3 7 9 
0 3 6 12 
0 3 6 8 9 
0 3 5 11 
0 3 5 10 12 
0 3 5 8 
0 3 5 7 12 
0 3 4 8 
0 3 4 6 7 
0 3 4 5 10 
0 3 4 5 7 
0 2 7 12 
0 2 7 9 
0 2 6 12 
0 2 6 8 9 
0 2 5 8 10 
0 2 5 7 8 
0 2 4 7 
0 2 4 6 8 
0 1 9 10 12 
0 1 8 10 11 
0 1 7 9 
0 1 6 12 
0 1 6 11 13 
0 1 6 8 
0 1 5 11 
0 1 5 8 9 
0 1 4 8 9 
0 1 4 6 7 
0 1 3 8 10 
0 1 2 10 11 13 
0 1 2 8 10 
0 1 2 7 8 
0 1 2 5 8 
0 1 2 4 8 
Hamiltonian cycle which destroys all minimal dominating sets: 0 -> 5 -> 3 -> 8 -> 1 -> 11 -> 12 -> 2 -> 7 -> 9 -> 10 -> 4 -> 13 -> 6
A cycle was added to the following graph: Ms_??[eAIeEQRC\??

n=14
01111110000000
10000000101111
10000001100111
10000100101101
10000001011011
10010001100011
10000001101101
00101110011000
01110110010000
00001001101110
01011011010000
01110010010010
01101100010100
01111110000000
all minimal dominating sets: 
4 9 10 13 
4 8 10 11 13 
4 7 9 13 
4 7 8 11 13 
4 6 13 
4 5 10 11 
4 5 8 9 10 
4 5 7 11 13 
4 5 7 11 12 
4 5 6 11 12 
4 5 6 8 10 
3 9 10 13 
3 9 10 11 12 
3 8 10 12 
3 8 9 10 
3 7 9 13 
3 7 9 11 12 
3 7 9 10 11 
3 7 8 12 
3 6 12 13 
3 6 11 12 
3 6 9 13 
3 6 8 12 
3 5 11 12 
3 5 10 12 13 
3 5 9 11 13 
3 5 9 10 11 
3 5 8 12 
3 5 8 9 13 
3 5 7 12 13 
3 5 7 11 13 
3 5 7 10 11 
3 5 7 8 13 
3 5 7 8 10 
3 4 9 11 13 
3 4 9 11 12 
3 4 8 13 
3 4 8 12 
3 4 8 10 
3 4 6 7 10 11 
3 4 5 11 13 
3 4 5 10 13 
3 4 5 7 13 
2 10 12 
2 9 10 13 
2 8 9 10 
2 7 12 13 
2 7 11 12 
2 7 9 13 
2 7 9 10 
2 6 12 13 
2 6 11 12 
2 6 9 13 
2 5 9 10 
2 5 7 11 13 
2 5 7 10 11 
2 5 7 8 13 
2 5 7 8 10 
2 4 10 13 
2 4 8 10 
2 4 7 13 
2 4 7 10 
2 4 5 10 
2 3 7 12 
2 3 6 12 
2 3 4 11 13 
2 3 4 11 12 
1 9 10 13 
1 9 10 11 12 
1 8 10 11 12 
1 8 9 10 
1 7 9 13 
1 7 9 11 
1 7 8 11 
1 6 12 13 
1 6 11 12 
1 6 9 13 
1 6 8 10 12 
1 6 8 9 11 
1 6 7 11 
1 6 7 8 13 
1 6 7 8 10 
1 5 11 12 
1 5 9 11 
1 5 8 9 13 
1 5 7 11 
1 4 9 11 13 
1 4 9 11 12 
1 4 8 11 
1 4 8 9 13 
1 4 6 8 10 
1 4 5 11 
1 3 7 8 
1 3 6 8 9 
1 3 5 8 9 
1 3 4 8 
1 2 7 11 
1 2 7 8 13 
1 2 7 8 10 
1 2 5 8 12 13 
1 2 4 11 13 
1 2 4 11 12 
1 2 4 8 13 
1 2 3 7 9 
1 2 3 5 6 9 
1 2 3 4 7 
1 2 3 4 5 6 
0 9 10 13 
0 8 10 11 12 13 
0 7 9 13 
0 7 8 11 12 13 
0 6 12 13 
0 6 9 13 
0 5 10 11 
0 5 9 10 
0 5 7 11 
0 5 7 9 
0 5 6 12 
0 5 6 11 
0 5 6 9 
0 5 6 8 
0 4 5 6 
0 3 9 10 12 
0 3 7 9 
0 3 6 12 
0 3 6 8 9 
0 3 5 11 
0 3 5 10 12 
0 3 5 8 
0 3 5 7 12 
0 3 4 8 
0 3 4 6 7 
0 3 4 5 10 
0 3 4 5 7 
0 2 7 12 
0 2 7 9 
0 2 6 12 
0 2 6 8 9 
0 2 5 8 10 
0 2 5 7 8 
0 2 4 7 
0 2 4 6 8 
0 1 9 10 12 
0 1 8 10 11 
0 1 7 9 
0 1 6 12 
0 1 6 11 13 
0 1 6 8 
0 1 5 11 
0 1 5 8 9 
0 1 4 8 9 
0 1 4 6 7 
0 1 3 8 10 
0 1 2 10 11 13 
0 1 2 8 10 
0 1 2 7 8 
0 1 2 5 8 
0 1 2 4 8 
Hamiltonian cycle which destroys all minimal dominating sets: 0 -> 6 -> 13 -> 4 -> 10 -> 9 -> 7 -> 2 -> 12 -> 3 -> 5 -> 11 -> 1 -> 8
A cycle was added to the following graph: Ms_??[eAIeEQRC\??

n=14
01111010100000
10000000101111
10000001100111
10000100001111
10000001011011
00010001100111
10000001101101
00101110011000
11100110010000
00001001101110
01011011010000
01110110010000
01111100010000
01111110000000
Checked graph: Ms_??[eAIeEQRC\??

Looking at: Ms_??keAQTEQRC\??
all minimal dominating sets: 
4 9 10 13 
4 8 9 13 
4 7 10 11 13 
4 7 8 11 13 
4 6 13 
4 5 11 13 
4 5 11 12 
4 5 10 11 
4 5 7 9 13 
4 5 7 8 9 12 
4 5 7 8 9 10 
4 5 6 7 8 12 
4 5 6 7 8 10 
3 10 12 13 
3 10 11 12 
3 9 10 13 
3 8 12 
3 8 9 13 
3 8 9 10 
3 7 9 10 11 
3 6 12 13 
3 6 11 12 
3 6 9 13 
3 5 10 11 
3 5 7 10 13 
3 5 7 8 10 
3 4 10 13 
3 4 8 13 
3 4 8 10 
3 4 7 10 11 
3 4 5 7 13 
2 9 10 13 
2 9 10 11 12 
2 8 9 13 
2 8 9 11 12 
2 8 9 10 11 
2 7 10 12 
2 7 9 10 
2 7 8 12 
2 6 12 13 
2 6 11 12 
2 6 9 13 
2 6 7 12 
2 5 10 12 13 
2 5 10 11 
2 5 8 12 13 
2 5 8 11 12 
2 5 7 10 
2 4 9 11 13 
2 4 9 11 12 
2 4 7 13 
2 4 7 12 
2 4 7 10 
2 4 6 8 10 11 
2 4 5 10 13 
2 4 5 8 13 
2 3 10 12 
2 3 6 12 
2 3 5 9 10 
2 3 4 11 13 
2 3 4 11 12 
2 3 4 5 10 
1 9 10 13 
1 9 10 11 12 
1 8 9 13 
1 8 9 11 
1 7 10 11 
1 7 8 11 12 
1 7 8 9 
1 6 12 13 
1 6 11 12 
1 6 10 11 13 
1 6 9 13 
1 6 8 10 11 
1 6 7 10 13 
1 6 7 9 11 
1 6 7 8 12 
1 6 7 8 10 
1 5 11 12 
1 5 10 11 
1 5 9 11 
1 5 7 9 13 
1 4 7 8 11 
1 4 6 8 11 
1 4 6 7 11 
1 4 6 7 8 
1 4 5 11 
1 3 10 11 13 
1 3 8 10 11 
1 3 8 9 
1 3 7 10 13 
1 3 7 8 10 
1 3 5 7 12 13 
1 3 4 8 
1 2 9 11 13 
1 2 9 11 12 
1 2 7 12 
1 2 7 10 
1 2 7 9 
1 2 4 7 
1 2 3 11 12 
1 2 3 5 6 9 
1 2 3 4 5 6 
0 9 10 13 
0 8 9 13 
0 7 10 11 12 13 
0 7 8 11 12 13 
0 6 12 13 
0 6 9 13 
0 5 10 11 
0 5 9 10 
0 5 8 11 
0 5 8 9 
0 5 6 12 
0 5 6 11 
0 5 6 9 
0 5 6 7 
0 4 5 11 
0 4 5 7 9 
0 4 5 6 
0 3 10 12 
0 3 8 9 
0 3 7 9 10 
0 3 6 12 
0 3 6 7 9 
0 3 5 7 10 
0 3 5 7 8 
0 3 4 8 
0 3 4 7 10 
0 3 4 6 7 
0 3 4 5 10 
0 3 4 5 7 
0 2 9 10 12 
0 2 8 9 
0 2 6 12 
0 2 6 7 9 
0 2 5 10 12 
0 2 5 8 12 
0 2 5 7 8 
0 2 4 7 
0 2 4 6 8 
0 2 4 5 10 
0 2 4 5 8 
0 1 9 10 12 
0 1 8 9 
0 1 7 9 10 
0 1 7 8 11 
0 1 6 12 
0 1 6 11 13 
0 1 6 8 11 
0 1 6 7 
0 1 5 11 
0 1 5 7 9 
0 1 4 6 8 
0 1 3 8 11 
0 1 3 7 10 
0 1 3 7 8 
0 1 3 5 7 
0 1 2 7 
0 1 2 3 11 13 
Hamiltonian cycle which destroys all minimal dominating sets: 0 -> 7 -> 1 -> 11 -> 5 -> 6 -> 12 -> 2 -> 10 -> 3 -> 8 -> 4 -> 13 -> 9
A cycle was added to the following graph: Ms_??keAQTEQRC\??

n=14
01111001010000
10000001001111
10000000101111
10000001101101
10000000111011
00000011100111
00000101101110
11010110010000
00111110001000
10001001000111
01111010100000
01110110010000
01101110010000
01111100010000
Checked graph: Ms_??keAQTEQRC\??

Looking at: Ms_?GCQFHYHKWo\??
all minimal dominating sets: 
4 11 12 13 
4 9 12 13 
4 8 12 13 
4 7 11 13 
4 7 9 13 
4 7 8 13 
4 6 13 
4 5 9 12 
4 5 8 12 
4 5 7 9 10 11 
4 5 7 8 10 11 
4 5 6 9 10 11 
4 5 6 8 10 11 
3 10 11 12 
3 8 10 12 
3 7 11 13 
3 7 10 13 
3 7 10 12 
3 7 10 11 
3 7 9 13 
3 7 9 12 
3 6 10 11 
3 6 8 10 13 
3 6 7 11 12 
3 5 11 12 
3 5 8 9 12 
3 5 6 11 13 
3 5 6 8 9 13 
3 4 12 13 
3 4 10 12 
3 4 9 12 
3 4 7 13 
3 4 6 12 
3 4 5 12 
2 9 11 12 
2 8 11 13 
2 8 10 13 
2 8 10 12 
2 8 10 11 
2 8 9 12 
2 8 9 11 
2 7 9 13 
2 7 9 12 
2 7 9 11 
2 6 9 11 
2 6 8 11 
2 6 8 9 13 
2 5 11 13 
2 5 9 11 
2 5 8 11 
2 5 6 7 10 13 
2 4 9 12 
2 4 6 8 12 
2 4 5 9 10 13 
2 3 11 12 13 
2 3 6 11 
2 3 5 11 
2 3 4 5 10 13 
1 9 10 12 
1 8 10 
1 7 9 13 
1 7 9 12 
1 7 9 10 
1 7 8 11 13 
1 6 9 10 
1 6 7 8 11 12 
1 5 11 13 
1 5 9 12 
1 5 9 10 
1 5 8 11 12 
1 5 6 10 13 
1 5 6 9 13 
1 4 9 12 
1 4 8 11 13 
1 4 6 8 12 
1 3 10 12 
1 3 7 10 
1 3 6 10 
1 3 5 10 
1 2 9 12 
1 2 7 9 
1 2 6 9 
1 2 4 6 8 
1 2 4 5 7 8 
1 2 3 4 6 
1 2 3 4 5 7 
0 9 10 11 12 13 
0 8 10 12 13 
0 7 9 13 
0 7 8 13 
0 6 9 10 11 13 
0 6 8 10 13 
0 5 11 12 
0 5 8 12 
0 5 7 11 
0 5 7 9 
0 5 7 8 
0 5 6 11 
0 5 6 8 
0 5 6 7 
0 4 5 6 
0 3 7 13 
0 3 7 10 
0 3 7 9 
0 3 6 8 10 
0 3 6 7 
0 3 5 7 
0 3 4 6 
0 2 8 12 13 
0 2 8 10 
0 2 7 9 
0 2 6 8 
0 2 5 11 
0 2 4 10 11 12 
0 2 4 7 10 11 
0 2 4 6 
0 2 4 5 9 10 
0 2 3 4 5 10 
0 1 7 9 
0 1 6 7 8 
0 1 5 11 
0 1 5 6 
0 1 4 10 11 12 
0 1 4 8 9 11 
0 1 4 7 10 11 
0 1 4 6 
0 1 3 5 12 
0 1 2 3 12 13 
0 1 2 3 6 
Hamiltonian cycle which destroys all minimal dominating sets: 0 -> 6 -> 3 -> 12 -> 8 -> 2 -> 9 -> 1 -> 10 -> 11 -> 5 -> 4 -> 13 -> 7
A cycle was added to the following graph: Ms_?GCQFHYHKWo\??

n=14
01111011000000
10000000011111
10000000111011
10000010110011
10000100011101
00001010011101
10010101100010
10000010001111
00110010010110
01111100100000
01101101000100
01001101101000
01110011100000
01111101000000
Checked graph: Ms_?GCQFHYHKWo\??

Looking at: Msc?@?fAOkkaQoT_?
all minimal dominating sets: 
4 8 10 11 13 
4 8 9 13 
4 7 10 11 13 
4 7 9 13 
4 6 11 12 
4 6 9 11 
4 6 8 11 
4 6 8 9 12 
4 6 7 11 
4 6 7 9 10 12 
4 5 11 12 
4 5 9 11 13 
4 5 9 10 11 
4 5 8 13 
4 5 8 12 
4 5 8 11 
4 5 7 13 
4 5 7 12 
4 5 7 10 11 
3 8 11 12 
3 8 9 12 
3 7 11 13 
3 7 11 12 
3 7 10 11 
3 7 9 13 
3 7 9 10 12 
3 7 8 11 
3 6 11 12 
3 6 9 11 
3 6 8 11 
3 6 8 9 13 
3 6 7 11 
3 5 11 12 
3 5 8 10 12 
3 5 7 13 
3 5 7 12 
3 5 6 8 10 13 
3 4 8 11 
2 10 12 13 
2 9 12 13 
2 7 9 13 
2 6 11 12 13 
2 6 10 12 
2 6 9 13 
2 6 9 10 11 
2 6 7 12 13 
2 5 11 12 13 
2 5 10 12 
2 5 7 12 13 
2 5 7 9 10 11 
2 4 10 13 
2 4 9 13 
2 4 6 13 
2 4 6 11 
2 4 6 8 12 
2 4 5 13 
2 4 5 12 
2 4 5 10 11 
2 3 11 12 
2 3 10 12 
2 3 7 13 
2 3 7 8 12 
2 3 6 11 
2 3 6 10 13 
2 3 5 9 12 
2 3 4 13 
2 3 4 10 11 
2 3 4 8 12 
1 8 10 12 
1 8 9 13 
1 8 9 10 
1 7 10 12 
1 7 9 13 
1 7 9 10 
1 6 11 12 13 
1 6 10 11 12 
1 6 9 11 13 
1 6 9 10 11 
1 6 7 12 13 
1 5 11 12 13 
1 5 10 11 12 
1 5 9 11 13 
1 5 9 10 11 
1 5 7 12 13 
1 4 8 10 
1 4 8 9 
1 4 7 10 
1 4 7 9 11 12 
1 4 6 8 
1 4 6 7 13 
1 4 5 8 
1 4 5 6 7 
1 3 8 11 
1 3 8 10 
1 3 8 9 
1 3 7 13 
1 3 7 10 
1 3 7 8 
1 3 5 6 7 
1 3 4 8 
1 2 10 12 
1 2 9 13 
1 2 9 10 
1 2 4 10 
1 2 4 9 11 12 
1 2 4 5 6 
1 2 3 11 13 
1 2 3 10 
1 2 3 5 6 9 
0 8 10 11 12 13 
0 8 9 12 13 
0 7 10 11 13 
0 7 9 13 
0 6 11 12 
0 6 9 13 
0 6 9 11 
0 6 9 10 
0 6 8 11 
0 6 8 9 
0 6 7 11 
0 5 11 12 
0 5 10 12 
0 5 9 12 
0 5 7 13 
0 5 7 12 
0 5 7 10 
0 5 7 8 
0 5 6 9 
0 5 6 8 10 
0 5 6 7 
0 4 5 12 
0 4 5 9 13 
0 4 5 9 10 
0 4 5 8 
0 3 7 9 10 
0 3 7 8 9 
0 3 4 8 9 
0 2 7 10 13 
0 2 6 11 
0 2 6 10 
0 2 6 7 13 
0 2 6 7 8 
0 2 4 6 8 
0 2 4 5 10 
0 2 4 5 6 
0 2 3 7 10 
0 2 3 7 8 
0 2 3 4 10 
0 2 3 4 8 
0 1 8 10 
0 1 8 9 
0 1 7 10 
0 1 7 9 11 12 
0 1 6 10 12 
0 1 6 7 13 
0 1 6 7 8 
0 1 5 9 13 
0 1 5 9 10 
0 1 5 8 11 
0 1 4 6 12 13 
0 1 2 10 
0 1 2 9 11 12 
0 1 2 5 11 13 
Hamiltonian cycle which destroys all minimal dominating sets: 0 -> 5 -> 4 -> 8 -> 3 -> 7 -> 13 -> 2 -> 10 -> 1 -> 9 -> 12 -> 11 -> 6
A cycle was added to the following graph: Msc?@?fAOkkaQoT_?

n=14
01111110000000
10000000011111
10000001101101
10001001101001
10010100110010
10001000101101
10000000101111
00110000110011
00111111000000
01001001001110
01110110010000
01100110010010
01001011010100
01110111000000
Checked graph: Msc?@?fAOkkaQoT_?

Looking at: Msc?ICIA`HaiWW\??
all minimal dominating sets: 
4 9 12 13 
4 8 11 13 
4 7 10 13 
4 7 9 13 
4 7 8 13 
4 6 10 11 12 13 
4 6 8 9 13 
4 5 12 
4 5 7 13 
4 5 7 10 
4 5 6 8 13 
3 9 12 13 
3 9 11 12 
3 9 10 12 
3 8 11 13 
3 8 11 12 
3 8 10 12 
3 7 10 
3 7 8 9 13 
3 6 10 12 
3 6 9 12 
3 6 8 13 
3 6 8 12 
3 6 7 9 13 
3 5 11 12 
3 5 10 12 
3 5 9 12 
3 5 6 12 
3 5 6 7 13 
3 4 8 12 13 
2 9 12 13 
2 9 11 12 
2 9 10 11 13 
2 8 11 13 
2 8 11 12 
2 7 9 10 13 
2 7 9 10 11 
2 7 8 11 
2 7 8 10 13 
2 7 8 9 13 
2 6 9 13 
2 6 7 9 11 
2 6 7 8 13 
2 5 8 10 12 13 
2 5 6 8 13 
2 4 9 11 13 
2 4 9 10 12 
2 4 7 13 
2 4 7 11 
2 4 7 10 
2 4 6 11 13 
2 4 6 11 12 
2 4 6 9 12 
2 4 6 7 
2 4 5 11 13 
2 4 5 7 
2 4 5 6 13 
2 3 7 11 12 
2 3 6 13 
2 3 6 12 
2 3 6 7 
2 3 5 10 11 13 
2 3 5 7 8 9 
1 9 12 13 
1 9 11 12 
1 9 10 13 
1 9 10 11 
1 8 11 13 
1 8 11 12 
1 8 10 11 
1 8 9 13 
1 7 8 10 13 
1 6 9 13 
1 6 7 8 13 
1 5 8 10 13 
1 5 6 8 13 
1 4 9 13 
1 4 9 10 
1 4 7 10 
1 4 6 10 11 
1 4 6 9 12 
1 4 6 7 8 12 
1 4 5 13 
1 4 5 10 
1 3 9 10 
1 3 8 10 
1 3 6 10 
1 3 5 10 
1 3 5 6 13 
1 3 4 8 13 
1 2 8 11 
1 2 6 9 11 
1 2 4 9 11 
1 2 4 6 11 
1 2 4 6 9 
1 2 4 5 
1 2 3 6 
1 2 3 5 8 9 
0 9 12 13 
0 8 11 13 
0 7 10 13 
0 7 8 9 13 
0 6 10 11 12 13 
0 6 8 9 13 
0 6 7 9 13 
0 6 7 8 13 
0 5 11 12 
0 5 10 12 
0 5 9 12 
0 5 8 11 
0 5 7 10 
0 5 7 8 9 
0 5 6 12 
0 5 6 8 
0 5 6 7 
0 4 5 7 
0 3 8 11 
0 3 6 8 
0 3 6 7 9 
0 3 4 7 9 11 
0 2 9 10 12 
0 2 9 10 11 
0 2 8 11 
0 2 7 11 12 
0 2 7 10 
0 2 6 11 
0 2 6 9 
0 2 6 7 
0 2 5 10 11 
0 2 5 6 
0 2 4 9 11 
0 2 4 5 11 
0 2 3 6 
0 1 9 10 
0 1 8 11 
0 1 7 10 
0 1 6 10 11 
0 1 6 9 
0 1 6 7 8 
0 1 5 10 
0 1 5 8 9 
0 1 5 6 
0 1 4 9 11 
0 1 4 5 
Hamiltonian cycle which destroys all minimal dominating sets: 0 -> 5 -> 4 -> 7 -> 10 -> 1 -> 9 -> 2 -> 11 -> 8 -> 13 -> 12 -> 3 -> 6
A cycle was added to the following graph: Msc?ICIA`HaiWW\??

n=14
01111110000000
10000001011011
10000000011111
10001010000111
10010101110000
10001010001101
10010101110000
01001010001110
00001010001111
01101010001100
01100101110000
00110101110000
01110001100001
01110100100010
all minimal dominating sets: 
4 9 12 13 
4 8 11 13 
4 7 10 13 
4 7 9 13 
4 7 8 13 
4 6 10 11 12 13 
4 6 8 9 13 
4 5 12 
4 5 7 13 
4 5 7 10 
4 5 6 8 13 
3 9 12 13 
3 9 11 12 
3 9 10 12 
3 8 11 13 
3 8 11 12 
3 8 10 12 
3 7 10 
3 7 8 9 13 
3 6 10 12 
3 6 9 12 
3 6 8 13 
3 6 8 12 
3 6 7 9 13 
3 5 11 12 
3 5 10 12 
3 5 9 12 
3 5 6 12 
3 5 6 7 13 
3 4 8 12 13 
2 9 12 13 
2 9 11 12 
2 9 10 11 13 
2 8 11 13 
2 8 11 12 
2 7 9 10 13 
2 7 9 10 11 
2 7 8 11 
2 7 8 10 13 
2 7 8 9 13 
2 6 9 13 
2 6 7 9 11 
2 6 7 8 13 
2 5 8 10 12 13 
2 5 6 8 13 
2 4 9 11 13 
2 4 9 10 12 
2 4 7 13 
2 4 7 11 
2 4 7 10 
2 4 6 11 13 
2 4 6 11 12 
2 4 6 9 12 
2 4 6 7 
2 4 5 11 13 
2 4 5 7 
2 4 5 6 13 
2 3 7 11 12 
2 3 6 13 
2 3 6 12 
2 3 6 7 
2 3 5 10 11 13 
2 3 5 7 8 9 
1 9 12 13 
1 9 11 12 
1 9 10 13 
1 9 10 11 
1 8 11 13 
1 8 11 12 
1 8 10 11 
1 8 9 13 
1 7 8 10 13 
1 6 9 13 
1 6 7 8 13 
1 5 8 10 13 
1 5 6 8 13 
1 4 9 13 
1 4 9 10 
1 4 7 10 
1 4 6 10 11 
1 4 6 9 12 
1 4 6 7 8 12 
1 4 5 13 
1 4 5 10 
1 3 9 10 
1 3 8 10 
1 3 6 10 
1 3 5 10 
1 3 5 6 13 
1 3 4 8 13 
1 2 8 11 
1 2 6 9 11 
1 2 4 9 11 
1 2 4 6 11 
1 2 4 6 9 
1 2 4 5 
1 2 3 6 
1 2 3 5 8 9 
0 9 12 13 
0 8 11 13 
0 7 10 13 
0 7 8 9 13 
0 6 10 11 12 13 
0 6 8 9 13 
0 6 7 9 13 
0 6 7 8 13 
0 5 11 12 
0 5 10 12 
0 5 9 12 
0 5 8 11 
0 5 7 10 
0 5 7 8 9 
0 5 6 12 
0 5 6 8 
0 5 6 7 
0 4 5 7 
0 3 8 11 
0 3 6 8 
0 3 6 7 9 
0 3 4 7 9 11 
0 2 9 10 12 
0 2 9 10 11 
0 2 8 11 
0 2 7 11 12 
0 2 7 10 
0 2 6 11 
0 2 6 9 
0 2 6 7 
0 2 5 10 11 
0 2 5 6 
0 2 4 9 11 
0 2 4 5 11 
0 2 3 6 
0 1 9 10 
0 1 8 11 
0 1 7 10 
0 1 6 10 11 
0 1 6 9 
0 1 6 7 8 
0 1 5 10 
0 1 5 8 9 
0 1 5 6 
0 1 4 9 11 
0 1 4 5 
Hamiltonian cycle which destroys all minimal dominating sets: 0 -> 5 -> 4 -> 7 -> 10 -> 1 -> 9 -> 12 -> 3 -> 2 -> 11 -> 8 -> 13 -> 6
A cycle was added to the following graph: Msc?ICIA`HaiWW\??

n=14
01111110000000
10000001011011
10010000001111
10101000000111
10010101110000
10001010001101
10000101110001
01001010001110
00001010001111
01001010001110
01100101110000
00110101110000
01110001110000
01110110100000
Checked graph: Msc?ICIA`HaiWW\??

Checked 5 graphs in 11.3 seconds
Found 7 valid graph cycle pairs (not necessarily leading to an infinite family)
Found 0 valid graph cycle pairs leading to an infinite family
